,timegap_ms,dB_leveldiff
0,25.0,-34.0
1,24.7373737374,-34.0
2,24.4747474747,-34.0
3,24.2121212121,-34.0
4,23.9494949495,-33.978956229
5,23.6868686869,-33.8695286195
6,23.4242424242,-33.7601010101
7,23.1616161616,-33.6506734007
8,22.898989899,-33.5412457912
9,22.6363636364,-33.4318181818
10,22.3737373737,-33.3223905724
11,22.1111111111,-33.212962963
12,21.8484848485,-33.1035353535
13,21.5858585859,-32.9941077441
14,21.3232323232,-32.8846801347
15,21.0606060606,-32.7752525253
16,20.797979798,-32.6658249158
17,20.5353535354,-32.5563973064
18,20.2727272727,-32.446969697
19,20.0101010101,-32.3375420875
20,19.7474747475,-32.2281144781
21,19.4848484848,-32.1186868687
22,19.2222222222,-32.0092592593
23,18.9595959596,-31.8998316498
24,18.696969697,-31.7904040404
25,18.4343434343,-31.680976431
26,18.1717171717,-31.5715488215
27,17.9090909091,-31.4621212121
28,17.6464646465,-31.3526936027
29,17.3838383838,-31.2432659933
30,17.1212121212,-31.1338383838
31,16.8585858586,-31.0244107744
32,16.595959596,-30.914983165
33,16.3333333333,-30.8055555556
34,16.0707070707,-30.6961279461
35,15.8080808081,-30.5867003367
36,15.5454545455,-30.4772727273
37,15.2828282828,-30.3678451178
38,15.0202020202,-30.2584175084
39,14.7575757576,-30.148989899
40,14.4949494949,-30.0395622896
41,14.2323232323,-29.9301346801
42,13.9696969697,-29.8207070707
43,13.7070707071,-29.7112794613
44,13.4444444444,-29.6018518519
45,13.1818181818,-29.4924242424
46,12.9191919192,-29.382996633
47,12.6565656566,-29.2735690236
48,12.3939393939,-29.1641414141
49,12.1313131313,-29.0547138047
50,11.8686868687,-28.8686868687
51,11.6060606061,-28.6060606061
52,11.3434343434,-28.3434343434
53,11.0808080808,-28.0808080808
54,10.8181818182,-27.8181818182
55,10.5555555556,-27.5555555556
56,10.2929292929,-27.2929292929
57,10.0303030303,-27.0303030303
58,9.76767676768,-26.7676767677
59,9.50505050505,-26.5050505051
60,9.24242424242,-26.2424242424
61,8.9797979798,-25.9797979798
62,8.71717171717,-25.7171717172
63,8.45454545455,-25.4545454545
64,8.19191919192,-25.1919191919
65,7.92929292929,-24.9292929293
66,7.66666666667,-24.6666666667
67,7.40404040404,-24.404040404
68,7.14141414141,-24.1414141414
69,6.87878787879,-23.8787878788
70,6.61616161616,-23.6161616162
71,6.35353535354,-23.3535353535
72,6.09090909091,-23.0909090909
73,5.82828282828,-22.6565656566
74,5.56565656566,-22.1313131313
75,5.30303030303,-21.6060606061
76,5.0404040404,-21.0808080808
77,4.77777777778,-20.5555555556
78,4.51515151515,-20.0303030303
79,4.25252525253,-19.5050505051
80,3.9898989899,-18.9797979798
81,3.72727272727,-18.4545454545
82,3.46464646465,-17.9292929293
83,3.20202020202,-17.404040404
84,2.93939393939,-16.8181818182
85,2.67676767677,-16.0303030303
86,2.41414141414,-15.2424242424
87,2.15151515152,-14.4545454545
88,1.88888888889,-13.6666666667
89,1.62626262626,-12.8787878788
90,1.36363636364,-12.0909090909
91,1.10101010101,-11.303030303
92,0.838383838384,-10.5151515152
93,0.575757575758,-9.72727272727
94,0.313131313131,-8.93939393939
95,0.050505050505,-8.15151515152
96,-0.212121212121,-12.5687645688
97,-0.474747474747,-18.2253302253
98,-0.737373737374,-22.0
99,-1.0,-22.0
